Time	Flux_Ch1
227.86
231.27
216.84
225.64
231.74
218.18
237.05
226.88
238.05
211.70
225.82
237.42
242.89
222.23
222.09
241.58
226.67
227.56
246.59
222.14
228.17
243.47
226.02
246.13
236.70
232.65
244.37
213.11
208.98
231.08
216.57
227.20
228.91
233.67
226.59
239.32
227.66
223.24
235.17
227.78
227.50
232.20
223.46
238.06
246.00
241.92
230.51
220.74
236.79
231.44
228.96
236.25
236.50
240.48
237.73
217.26
229.23
223.76
238.30
224.90
218.99
241.09
233.18
215.71
228.10
241.01
236.20
235.30
231.78
228.38
227.33
229.05
231.48
216.25
228.41
234.81
231.48
229.13
217.35
234.29
230.21
219.61
215.28
233.16
219.32
226.50
245.09
238.81
220.09
236.23
217.31
228.86
235.38
230.68
216.80
239.02
216.37
233.27
224.44
242.97
230.10
219.98
222.20
231.18
230.45
223.77
236.76
216.96
228.05
208.89
227.19
230.69
222.67
230.51
233.80
233.59
220.32
227.70
217.72
224.26
228.96
236.10
234.57
234.83
217.51
231.13
250.90
231.88
244.26
241.37
224.94
215.36
228.62
242.93
232.83
226.12
226.34
219.83
227.98
230.54
227.98
233.60
231.21
194.99
229.31
244.81
235.04
235.68
225.58
241.52
220.18
226.45
230.55
229.84
232.94
238.80
245.04
226.76
222.24
227.31
224.60
217.79
229.16
213.12
230.10
229.73
225.75
238.30
220.17
228.10
231.57
222.64
232.46
218.65
212.94
208.50
216.28
222.51
222.28
220.92
232.54
233.55
218.79
207.45
226.39
226.10
230.65
226.12
218.15
232.08
206.26
220.80
223.99
230.38
227.00
237.73
251.36
235.12
246.23
227.36
221.47
208.44
224.75
220.97
229.94
294.10
284.23
299.42
217.88
202.65
204.65
221.22
210.81
210.07
223.21
206.98
216.60
222.05
229.92
219.76
205.49
210.37
210.07
222.00
213.16
214.82
212.84
216.37
226.11
214.48
207.58
209.17
202.71
197.34
214.84
196.13
201.69
197.06
210.07
213.11
205.38
203.99
202.42
216.87
200.64
205.38
199.61
208.87
209.36
200.04
213.73
219.20
215.51
206.09
202.75
208.09
214.54
208.48
203.67
208.99
197.48
214.55
211.39
208.46
215.84
213.00
213.61
206.90
211.36
204.09
207.26
202.84
198.30
204.59
205.78
194.47
203.83
203.91
204.70
206.56
208.67
197.71
209.34
218.70
187.09
213.79
204.33
198.99
192.93
211.54
208.45
214.11
209.95
208.78
213.76
222.02
200.05
224.65
216.80
202.67
204.35
211.76
206.09
223.60
203.64
209.73
229.64
222.16
221.82
209.53
212.37
212.18
199.56
229.36
211.74
208.81
205.78
204.97
202.44
218.33
196.52
207.57
216.75
212.28
205.97
209.58
214.84
219.15
218.53
202.48
212.31
203.81
223.33
198.62
195.95
203.84
206.27
209.23
205.17
208.53
218.01
221.83
206.96
219.40
208.01
199.97
190.04
203.03
204.39
216.60
223.71
206.71
197.21
211.56
200.68
199.00
210.70
221.06
223.57
218.38
204.90
210.73
202.45
202.12
211.18
206.16
214.11
213.29
215.62
203.29
207.38
217.92
236.27
218.13
213.82
208.01
204.46
224.40
208.83
201.47
205.12
208.40
205.41
216.08
197.45
209.92
212.66
216.15
222.80
202.00
218.95
200.21
211.25
218.05
210.34
212.28
206.22
208.46
215.15
216.44
205.81
214.57
208.73
216.56
228.32
197.87
202.31
196.09
203.27
226.53
225.90
208.29
206.80
208.48
201.14
211.33
214.58
218.01
207.88
226.11
218.80
205.29
194.57
220.27
200.88
264.52
265.59
264.24
219.31
211.17
201.70
195.94
204.62
204.85
205.54
208.84
205.95
211.94
207.65
214.98
202.82
193.61
216.67
203.49
206.79
217.03
199.34
215.39
214.43
207.01
201.24
211.76
196.39
202.04
207.51
215.38
233.71
216.61
218.51
213.33
198.81
213.55
204.87
204.80
210.15
205.30
197.23
192.23
219.47
206.69
209.64
208.46
212.48
197.34
196.25
218.96
220.31
184.67
210.94
208.75
199.11
214.82
221.99
219.42
199.37
213.03
224.94
202.13
201.01
216.27
203.42
223.02
209.54
219.96
196.80
214.86
186.82
207.43
204.67
203.53
199.21
200.49
219.55
206.73
209.17
222.06
215.14
211.72
225.69
200.76
188.54
212.53
232.58
207.78
214.62
206.91
215.65
206.97
204.06
204.35
206.15
215.38
213.08
204.88
190.90
197.28
220.24
194.94
213.81
217.16
196.51
197.66
214.29
200.74
207.80
203.61
219.82
210.56
218.56
200.87
203.05
218.59
198.05
213.16
208.90
197.56
209.38
207.58
200.79
220.82
210.19
213.03
212.17
205.48
199.58
199.37
216.54
210.46
220.50
216.89
206.33
211.87
209.60
203.49
218.50
203.66
202.57
213.94
228.81
221.72
210.94
196.11
204.25
207.08
220.75
220.52
204.48
214.71
204.80
214.10
224.41
202.46
215.80
209.66
228.50
239.39
215.26
201.21
233.82
214.85
202.35
188.31
206.17
195.00
190.15
214.49
217.56
207.37
189.13
194.12
223.28
203.78
198.58
194.36
207.43
209.26
209.88
194.10
212.36
228.71
211.38
200.41
212.86
203.95
209.80
210.63
208.96
216.16
203.64
214.31
227.29
217.72
202.11
212.74
208.63
207.03
207.29
219.30
183.07
214.06
223.12
216.31
205.85
199.43
212.37
206.05
218.29
270.43
290.86
289.65
264.98
264.97
272.47
259.14
253.44
283.27
258.29
266.72
260.91
265.92
272.97
260.06
254.49
261.42
264.85
281.46
264.16
276.57
271.03
273.31
277.70
279.16
248.35
263.33
256.74
260.59
276.50
257.69
264.62
274.00
250.87
258.21
268.70
256.83
269.98
259.30
247.28
261.55
264.89
271.35
265.91
266.71
255.01
252.92
261.45
251.04
263.40
262.28
278.05
268.93
267.66
274.01
258.60
252.59
252.39
266.27
261.20
281.24
269.71
277.49
275.48
260.44
277.70
278.65
249.14
269.44
268.92
267.15
274.43
264.31
268.23
246.94
266.66
244.24
266.84
259.10
271.62
274.32
275.01
245.24
267.33
283.26
261.28
269.64
281.47
264.82
272.17
265.93
266.98
257.10
270.10
264.06
264.05
273.33
265.78
254.07
259.08
256.11
252.48
278.06
281.39
271.24
273.53
276.54
250.25
259.25
265.58
268.43
249.80
277.55
256.16
272.82
270.94
270.76
257.74
269.32
244.94
264.52
252.88
273.06
269.06
280.06
267.52
286.39
268.40
267.05
283.38
272.93
272.83
278.90
267.97
278.86
273.54
270.75
264.22
268.22
263.48
268.25
264.18
258.55
261.33
255.33
262.29
251.41
271.65
272.38
277.36
267.06
259.34
272.41
269.71
260.83
252.41
291.24
275.25
284.09
265.35
255.49
272.71
282.72
257.94
255.00
271.03
260.32
271.55
267.78
248.00
273.33
250.54
262.70
283.95
261.87
284.01
267.23
267.87
278.89
258.15
263.23
268.38
274.37
260.66
275.39
258.54
266.55
266.16
278.63
277.54
266.13
258.75
282.40
261.61
266.36
256.52
254.09
283.94
268.15
267.22
266.35
280.34
263.41
277.90
380.11
358.04
375.01
237.35
241.96
237.74
232.94
232.34
222.78
236.69
226.93
233.15
226.34
228.11
239.62
234.61
217.92
225.16
227.38
229.85
236.19
251.55
235.22
231.95
229.53
225.34
237.84
223.74
221.24
236.38
229.61
210.33
230.50
240.16
234.59
237.56
232.23
233.00
232.63
219.06
211.08
229.35
222.38
214.76
225.18
230.17
238.98
211.61
220.53
233.15
240.18
239.29
245.29
207.56
242.82
224.19
234.35
221.16
229.65
244.93
228.57
241.43
227.59
222.21
224.39
229.28
225.80
224.78
229.30
227.37
243.57
220.77
221.01
232.18
235.52
251.77
224.03
234.33
225.06
242.54
229.96
224.36
231.96
236.08
221.32
229.75
237.33
232.36
228.64
222.00
231.26
232.18
227.10
215.98
241.05
239.92
233.56
225.32
247.90
224.77
227.24
218.17
217.84
241.23
242.55
227.97
246.88
230.42
232.18
234.28
237.62
220.46
232.98
248.83
232.44
229.52
213.71
241.33
233.22
235.82
238.38
240.73
240.74
218.91
252.55
233.24
221.25
228.22
246.09
228.01
234.20
222.86
235.99
226.97
246.08
228.35
241.12
236.83
218.85
232.32
234.50
222.11
237.75
241.20
246.44
243.11
226.24
238.82
224.48
223.87
259.89
232.26
232.24
229.05
228.06
236.57
220.03
237.56
226.82
229.29
231.86
237.62
231.10
231.54
234.49
249.16
221.70
221.00
228.80
225.55
223.33
232.63
244.94
229.88
230.74
246.30
229.89
217.79
219.00
236.44
229.97
244.62
233.80
217.06
244.77
248.16
226.49
252.24
223.99
235.22
216.40
232.42
236.51
246.60
214.28
240.76
235.49
234.82
221.72
228.03
229.19
225.76
251.78
233.67
231.61
210.96
247.59
243.69
242.29
245.20
232.80
229.27
236.88
226.44
238.18
225.31
335.48
325.58
343.71
209.14
213.01
210.27
215.10
198.59
208.06
209.41
206.90
207.92
189.46
217.24
204.81
208.17
240.20
211.94
204.23
204.85
211.23
204.57
209.95
209.82
214.27
216.88
211.19
207.42
207.16
212.71
197.32
208.47
205.61
205.11
200.98
226.82
209.74
197.73
216.84
211.27
211.90
208.81
221.33
216.45
203.56
215.76
207.24
213.74
201.82
211.42
217.11
211.13
196.19
198.51
208.67
207.65
212.56
207.40
201.07
215.47
211.93
209.37
198.29
210.76
205.04
196.98
199.47
186.02
198.95
200.28
215.02
210.32
199.85
207.93
206.12
204.34
202.73
222.40
202.58
210.26
208.70
204.04
201.79
208.80
192.14
218.53
204.68
212.22
209.09
203.18
211.22
194.49
228.28
200.94
217.42
218.34
208.84
203.44
204.80
209.12
201.24
206.41
201.02
201.02
221.00
213.70
218.56
217.27
212.25
218.10
218.70
210.16
218.71
209.53
210.23
211.45
197.74
212.68
192.01
213.05
208.42
203.41
205.55
205.13
220.09
212.51
228.30
190.03
213.38
194.08
204.82
195.29
214.39
212.77
205.92
209.00
201.23
208.82
210.72
219.80
203.26
192.86
209.21
211.13
211.14
212.48
213.01
210.99
212.55
221.24
219.45
208.61
207.99
194.32
204.11
212.91
203.56
203.04
206.87
204.66
207.98
212.23
202.53
222.82
222.99
220.02
196.79
208.92
212.85
209.89
201.10
206.24
218.34
214.27
199.87
207.85
203.62
206.42
213.97
209.85
206.52
209.90
211.71
209.30
212.40
217.27
198.03
209.55
204.64
202.93
208.77
217.35
210.82
219.32
207.59
214.07
207.27
222.45
198.88
209.40
217.32
206.25
217.40
200.41
199.18
201.28
207.67
204.84
209.48
202.87
218.25
214.45
192.12
214.34
219.08
203.86
212.52
204.66
206.75
212.39
228.01
196.26
196.45
219.32
280.08
299.51
291.97
254.33
258.77
271.77
265.53
274.38
260.22
266.79
270.52
281.45
270.56
277.38
261.32
258.64
265.08
274.70
266.97
273.87
264.28
253.27
263.68
272.32
276.09
272.11
260.40
272.79
272.31
268.62
261.91
264.01
255.18
253.97
269.58
255.62
272.53
252.11
278.27
249.40
258.52
264.22
258.32
271.56
265.24
238.43
275.58
256.35
258.46
274.32
269.14
281.85
268.17
264.65
278.48
257.93
254.99
266.57
262.73
262.61
273.57
278.70
263.30
268.49
259.45
265.18
282.82
270.04
264.90
262.99
264.81
270.99
273.26
269.87
269.01
267.53
265.40
265.36
249.92
267.05
247.95
265.18
256.54
273.57
281.29
261.32
276.62
246.68
252.48
245.52
263.04
274.17
277.28
264.46
269.06
263.54
264.73
247.23
260.89
271.13
264.99
261.24
269.12
276.54
245.21
261.10
265.55
251.03
267.86
250.21
260.29
269.82
271.81
267.81
261.14
262.85
270.22
258.38
268.43
255.88
277.30
258.73
251.21
261.31
269.61
247.51
260.67
247.83
266.83
271.48
261.11
276.07
262.06
278.71
255.49
281.35
263.97
271.87
266.37
257.78
253.54
260.44
281.59
270.31
270.39
260.06
283.35
271.13
248.15
284.96
277.92
255.28
278.68
261.45
256.91
258.89
270.25
270.37
259.73
261.09
260.70
279.01
249.58
259.28
269.26
255.97
261.30
277.22
265.22
266.54
271.17
271.01
256.73
269.11
282.17
273.35
263.67
267.26
264.86
264.71
250.80
273.82
268.98
279.44
275.40
258.93
262.65
261.22
255.92
258.33
269.12
253.90
261.03
265.14
245.46
263.64
273.55
262.45
263.76
260.49
253.80
262.13
273.26
257.11
264.67
274.52
264.55
280.03
365.57
368.12
359.64
249.89
255.81
257.21
250.78
237.71
258.03
242.98
245.45
241.85
241.46
246.13
254.47
256.54
263.16
242.16
275.87
251.04
255.70
255.74
248.97
255.76
254.99
247.93
254.58
240.79
240.92
250.95
249.62
244.08
246.25
251.48
266.76
267.06
253.27
247.91
236.25
253.15
252.27
241.71
260.02
267.35
246.07
236.45
232.90
261.92
255.69
260.48
237.78
258.13
241.49
257.56
260.48
248.45
243.65
239.16
249.11
253.79
238.54
258.73
270.26
244.25
254.46
234.17
249.25
259.66
266.32
250.07
259.00
239.11
247.81
240.64
257.85
253.56
258.72
255.38
254.10
256.74
242.63
246.03
253.23
249.46
265.24
247.22
241.11
248.81
253.47
239.03
243.23
245.30
254.06
245.80
260.58
250.96
256.53
250.35
233.53
249.06
232.56
241.41
257.31
243.27
257.02
243.48
258.64
246.74
257.49
250.99
245.01
257.33
247.72
254.67
253.18
254.20
253.45
248.84
266.42
252.70
250.31
242.05
234.97
255.27
241.40
247.82
238.84
247.64
252.96
237.39
239.50
261.76
244.98
250.70
249.38
258.92
254.82
246.58
266.84
250.29
260.21
244.13
244.99
259.04
245.09
253.14
259.08
251.16
241.50
258.24
255.92
235.32
251.05
234.85
244.00
264.06
247.67
245.08
248.72
255.31
236.25
244.16
252.07
235.13
246.49
244.09
248.94
265.07
246.63
253.98
258.10
248.78
238.73
248.27
249.26
243.26
255.37
249.93
248.72
263.60
251.90
229.66
246.64
238.30
258.28
224.71
228.33
249.74
250.84
240.32
270.73
258.09
245.71
246.63
251.63
251.09
242.36
263.00
244.26
261.23
247.14
248.34
250.09
264.83
248.67
263.16
255.85
251.94
255.20
264.78
253.58
256.86
321.46
295.69
325.56
172.81
188.08
185.88
193.55
183.10
193.19
202.69
181.47
193.27
195.93
186.96
183.61
174.21
190.20
191.10
195.16
183.61
184.61
170.94
183.54
208.88
173.02
195.57
181.95
189.89
195.52
194.08
189.58
188.82
199.27
197.10
175.54
191.56
179.34
177.61
178.04
203.17
181.80
201.78
189.96
195.10
190.11
175.10
200.81
198.50
190.69
184.67
202.35
171.54
193.68
182.21
184.89
176.93
184.71
189.94
185.22
189.31
201.25
178.60
190.67
195.49
195.89
185.74
203.11
189.89
192.87
188.28
191.61
193.34
192.71
206.08
189.72
180.86
182.61
185.43
189.82
186.53
188.41
194.22
195.77
202.64
190.71
187.03
197.50
182.12
210.76
189.89
190.53
205.96
186.31
195.44
204.36
185.94
197.28
196.99
190.02
205.18
204.46
191.61
198.60
184.83
170.19
196.72
205.70
183.96
200.29
184.11
187.31
187.02
169.73
195.28
181.43
187.59
194.59
173.56
200.16
189.91
194.84
203.94
180.56
186.75
194.39
193.86
195.55
189.27
190.88
188.52
190.77
209.17
177.42
179.44
184.36
169.52
193.37
188.35
186.65
199.98
193.10
191.92
178.59
187.03
185.24
187.75
181.61
172.34
203.54
194.77
174.87
186.73
200.06
197.45
181.25
194.43
185.62
182.21
188.53
187.33
206.19
191.58
188.75
173.52
173.78
193.76
180.21
187.84
186.63
191.40
184.97
186.61
182.44
173.34
188.30
196.29
194.71
197.71
183.13
190.54
182.58
172.79
191.16
201.98
184.60
183.24
188.64
196.27
171.67
192.30
185.73
180.70
180.19
198.88
193.10
179.19
198.29
183.69
182.82
191.94
188.96
184.56
189.67
177.03
183.10
196.51
186.03
183.39
188.77
177.42
176.55
205.86
204.64
185.93
182.84
191.75
286.43
263.95
275.77
