Time	Flux_Ch1
197.69
186.35
193.32
182.03
186.25
193.51
180.35
178.73
188.58
187.89
184.70
175.35
185.29
198.65
207.91
198.34
192.30
182.19
199.15
182.35
177.13
186.31
176.34
187.04
193.72
190.99
198.47
180.41
179.69
200.70
201.71
184.03
186.68
204.48
193.83
190.09
187.74
194.71
188.67
186.95
188.56
199.36
190.22
195.98
199.28
184.86
180.83
187.80
184.46
199.91
199.00
180.48
197.98
181.32
176.91
197.88
195.45
190.79
181.97
182.94
192.97
199.03
184.55
181.80
182.48
186.10
193.55
189.35
194.30
184.09
178.84
187.80
199.61
175.07
181.03
193.20
190.44
195.21
205.49
175.79
181.46
193.37
199.07
188.59
199.51
193.06
182.27
169.78
182.12
174.18
193.02
181.84
193.05
201.94
188.01
192.72
172.84
191.49
195.89
191.20
181.90
189.40
181.74
197.34
198.62
190.55
191.27
191.16
189.61
207.29
195.26
179.49
192.59
186.01
194.51
206.70
192.76
186.72
197.79
199.41
196.13
193.00
196.24
191.54
176.66
188.68
196.05
183.53
187.07
180.13
182.80
191.99
186.68
194.51
190.52
185.48
188.88
185.43
193.92
180.18
191.36
184.73
195.53
186.33
185.92
187.08
188.16
200.39
185.28
184.51
195.51
186.52
205.06
190.17
195.97
193.71
203.19
194.06
171.32
189.01
193.04
187.90
186.89
186.48
177.03
184.95
182.68
187.09
195.43
191.36
189.43
188.83
181.80
205.38
174.81
185.97
190.83
189.81
169.01
195.16
194.60
200.47
182.42
197.03
201.22
191.31
175.83
187.76
193.43
184.64
200.72
190.75
191.25
196.17
191.21
186.56
191.25
188.77
188.46
193.01
190.54
203.40
188.70
194.69
193.17
285.74
282.29
278.95
145.57
133.56
145.32
158.29
155.11
145.49
152.12
157.78
147.76
133.33
152.02
159.62
143.75
158.06
147.34
156.46
152.04
154.72
145.94
141.39
155.44
158.63
141.45
151.89
147.36
145.84
155.45
142.01
153.86
137.63
152.25
141.11
143.17
150.22
148.88
151.76
168.11
152.58
153.24
147.57
142.41
138.28
142.38
153.07
147.53
141.08
143.43
140.91
161.52
146.37
150.83
158.31
139.37
144.21
142.34
135.65
168.20
139.64
146.92
159.29
156.13
144.94
139.19
159.85
140.51
146.90
155.21
155.33
143.82
157.07
144.33
140.87
147.84
152.91
159.39
163.53
167.63
167.66
142.30
138.85
149.11
145.70
137.75
147.50
158.58
150.76
148.73
157.96
149.14
156.86
154.27
152.52
145.99
153.78
153.95
150.48
144.87
153.22
162.04
140.19
157.28
152.56
154.90
154.28
140.65
153.23
146.19
151.96
156.07
142.25
153.24
150.08
157.62
149.71
166.43
148.36
161.08
156.98
145.55
155.13
152.02
155.94
146.86
149.91
137.10
151.22
156.44
134.35
143.46
139.80
154.50
148.54
150.81
150.70
150.86
162.13
155.19
139.16
134.06
153.05
151.36
147.30
151.70
147.34
141.52
144.70
159.13
151.12
162.24
149.26
137.35
140.82
165.91
163.77
151.11
161.00
158.89
164.39
151.07
161.05
137.38
141.52
141.33
142.00
141.62
137.79
149.54
158.79
144.31
139.76
149.22
167.03
137.64
163.56
145.16
162.07
153.32
156.51
153.13
170.29
128.58
151.80
161.12
148.27
150.74
151.51
148.29
133.58
161.43
151.82
155.20
143.43
150.81
140.88
162.01
140.48
151.61
160.62
143.01
152.87
141.53
157.19
159.58
158.01
147.89
139.61
154.32
153.82
156.83
142.29
151.96
141.50
138.12
144.49
160.53
140.93
164.84
244.62
245.94
247.05
170.75
180.99
177.64
166.67
181.86
174.18
170.35
169.86
164.64
165.44
173.97
154.72
169.34
167.12
165.58
180.24
164.98
150.52
176.73
173.01
184.16
170.22
173.57
158.74
167.61
182.41
160.77
152.74
178.91
184.63
169.74
172.13
175.30
175.31
173.74
185.11
176.90
173.12
158.92
165.45
158.07
162.86
153.81
168.50
175.38
174.94
165.04
180.33
151.30
176.56
173.51
165.85
175.43
171.50
173.58
173.39
164.43
184.06
167.10
163.97
159.59
171.89
166.91
177.47
170.64
158.78
153.92
179.80
190.56
169.27
160.36
176.59
143.77
168.33
166.85
180.17
179.26
174.23
162.88
172.29
171.44
177.05
174.10
169.24
161.96
156.29
163.85
174.93
160.50
188.31
175.23
181.78
163.73
177.85
166.22
175.97
157.99
165.83
179.75
169.50
178.82
172.33
171.21
171.85
161.62
175.81
162.10
176.71
160.84
172.18
181.33
153.54
169.48
173.09
165.25
157.10
175.04
175.35
170.42
163.73
169.04
157.13
168.21
159.66
161.61
161.17
149.45
172.10
169.26
162.77
178.44
173.68
171.83
174.83
179.33
190.76
160.62
180.72
178.30
171.25
176.08
167.30
179.39
170.03
168.24
169.86
160.60
163.11
163.54
167.61
148.82
155.57
169.12
175.67
179.49
169.61
171.51
163.55
161.48
189.24
169.49
175.90
167.17
168.76
175.32
183.01
166.76
162.73
171.98
160.63
170.17
177.65
170.43
176.61
172.11
163.65
164.88
179.62
177.54
166.10
165.77
180.48
186.82
170.08
176.63
154.88
167.14
166.43
164.51
158.28
172.11
150.91
170.26
159.41
174.58
176.63
166.98
163.01
186.76
172.69
163.49
161.19
186.01
179.31
164.10
155.75
171.61
168.56
171.21
294.79
292.13
280.42
220.56
212.95
229.73
220.21
232.88
212.77
239.48
223.55
216.19
215.62
233.08
225.86
222.03
219.81
231.54
208.52
214.76
220.16
226.59
234.11
217.93
231.33
197.42
214.83
231.75
218.78
203.85
220.11
217.72
218.34
216.15
229.90
226.00
215.68
220.87
209.72
201.84
204.34
229.61
212.42
225.40
211.46
207.56
216.51
230.73
206.78
213.84
223.07
227.85
216.56
225.39
219.65
221.17
211.46
227.09
220.62
229.32
212.34
206.96
212.58
211.13
212.06
223.40
219.04
205.60
208.39
212.52
220.08
228.28
215.75
206.48
214.38
237.28
221.28
224.42
226.49
225.55
218.15
224.14
217.01
210.41
218.66
220.31
221.43
223.19
228.45
221.44
221.46
222.28
213.51
208.47
217.59
217.13
214.97
221.64
223.28
214.93
221.95
220.16
219.53
213.84
211.06
217.15
222.14
220.75
224.31
223.96
221.22
210.63
218.72
218.43
225.65
218.81
221.51
231.19
222.36
212.90
229.18
226.33
224.87
213.66
219.65
224.68
209.77
228.31
226.11
219.73
222.03
230.45
211.95
217.22
226.82
213.12
207.17
209.58
225.27
217.30
212.45
199.82
218.57
224.97
218.66
223.35
218.17
217.11
209.60
223.99
228.17
217.52
220.62
232.19
232.57
228.01
205.88
213.86
219.03
228.88
214.75
211.65
214.81
212.69
218.35
216.98
221.96
219.71
232.40
223.43
229.99
210.54
224.21
222.98
226.18
232.36
220.01
225.80
216.89
225.22
238.21
223.00
223.13
213.47
213.69
200.04
223.46
233.05
213.30
225.23
207.06
221.01
213.59
211.78
211.54
217.70
226.92
220.69
219.85
202.06
239.07
214.93
221.66
222.55
321.81
343.15
328.85
178.84
182.47
171.51
183.37
182.60
182.15
187.16
172.70
178.51
169.64
179.37
174.95
180.82
177.48
168.31
169.47
176.54
172.55
179.91
170.39
188.05
170.76
188.27
181.28
178.45
173.07
184.02
185.52
182.42
183.58
176.54
182.76
179.84
184.18
179.28
185.86
187.86
180.27
177.21
186.83
176.79
185.82
179.93
185.15
182.45
170.68
186.90
174.62
183.26
166.79
181.04
176.32
190.71
184.98
188.01
175.23
185.94
170.72
187.60
187.42
175.24
181.29
183.71
186.94
188.34
177.82
184.04
179.86
162.34
188.79
182.29
169.50
182.74
179.55
187.69
176.06
175.07
184.70
192.74
189.07
166.49
179.42
188.85
172.08
177.27
182.70
182.50
172.18
179.20
187.69
174.21
185.94
172.48
175.96
178.29
175.10
184.45
168.26
183.55
189.84
183.87
178.20
183.05
178.99
173.21
176.88
176.11
164.63
179.97
184.59
172.53
183.79
189.40
178.04
183.77
185.33
180.39
183.11
181.64
172.12
191.39
173.21
200.95
164.50
173.66
172.18
181.76
187.57
169.84
178.19
178.84
177.14
177.67
186.60
190.12
188.75
179.23
160.58
185.82
180.63
177.88
170.96
174.51
198.98
173.97
184.31
182.10
194.89
173.84
187.52
168.36
171.43
174.82
183.17
189.95
178.05
190.39
175.61
184.43
189.74
191.81
177.38
188.40
186.47
174.11
172.30
169.88
182.68
179.83
186.56
179.30
172.73
190.44
199.12
188.73
177.04
185.83
181.44
164.41
178.52
184.43
200.13
175.39
173.77
173.34
191.47
167.58
189.14
184.74
183.21
177.08
192.05
180.01
175.52
180.56
178.17
183.83
164.94
184.02
174.51
181.84
180.35
179.46
193.70
187.11
189.56
185.71
192.04
195.00
179.73
173.68
182.81
175.15
284.75
265.11
298.76
150.46
154.83
145.73
157.32
159.78
162.32
160.51
160.50
165.47
149.28
160.72
174.58
161.56
157.98
142.92
170.88
154.34
171.59
130.92
162.03
158.58
165.73
162.26
168.47
165.28
150.07
160.26
146.87
160.07
155.50
150.72
158.50
152.60
164.16
148.35
157.85
183.56
154.59
164.84
168.28
156.98
153.11
165.09
169.07
156.19
168.22
156.15
154.12
158.00
163.09
163.75
153.47
164.73
154.37
157.43
164.36
159.75
157.01
159.71
179.78
151.98
146.71
166.68
171.04
171.95
158.34
159.84
159.22
166.43
168.67
163.28
173.23
168.16
152.71
162.46
161.59
164.31
162.62
150.61
160.66
155.05
161.80
153.74
172.58
166.25
164.04
164.54
156.11
154.40
150.98
151.94
159.47
154.17
162.89
157.42
150.74
159.43
154.91
165.63
143.61
151.23
168.86
170.15
149.22
153.53
154.19
166.09
154.21
160.97
155.21
150.38
156.87
162.48
156.07
164.26
164.59
144.89
156.13
172.28
173.08
155.23
170.99
164.24
156.44
162.67
156.69
156.66
150.76
167.70
152.05
167.53
162.06
161.56
173.77
163.50
155.00
154.72
153.48
156.18
162.94
158.66
165.42
147.57
150.77
157.71
162.72
172.19
171.78
154.19
163.39
165.20
159.99
161.42
164.15
153.95
154.81
152.27
168.06
149.76
162.50
158.19
159.49
162.54
173.97
149.65
174.99
161.26
149.87
157.46
165.66
162.52
161.83
154.05
155.49
166.22
175.90
156.24
158.23
163.98
182.64
155.64
160.58
173.44
160.54
156.49
163.76
175.01
172.36
156.34
164.61
159.74
171.42
172.53
151.50
156.15
158.64
165.94
151.02
153.87
163.24
167.75
151.63
146.99
172.45
157.50
155.40
147.60
161.25
168.94
160.38
163.96
161.44
153.22
149.75
162.82
164.08
161.63
165.78
165.94
161.79
172.29
277.06
253.59
258.19
233.74
245.95
253.86
243.54
221.27
240.96
241.92
229.16
239.38
244.99
229.94
242.29
244.10
243.03
237.16
244.06
240.75
221.44
253.06
246.63
238.09
235.74
237.56
243.50
237.45
230.77
249.02
239.38
242.05
246.32
235.63
247.78
249.41
228.47
240.14
241.32
247.30
233.63
247.64
241.59
247.02
248.37
234.02
254.87
236.67
234.49
236.96
242.98
238.81
259.01
244.99
238.71
235.91
233.83
250.52
250.01
233.05
228.42
233.41
249.26
247.52
246.14
244.11
248.89
225.36
239.27
236.42
242.04
251.49
254.01
235.80
246.48
246.83
251.47
241.78
252.51
236.66
246.75
240.28
236.02
239.02
238.95
224.28
239.54
239.14
231.61
241.41
233.59
233.79
241.82
253.60
237.11
235.89
244.65
242.10
247.47
239.94
252.39
239.94
233.23
247.36
232.94
246.75
237.32
242.44
242.07
243.63
243.67
224.79
233.97
247.43
228.40
245.15
228.80
246.27
250.26
249.02
239.47
231.93
231.00
238.32
233.78
230.18
243.03
235.60
232.74
238.08
223.11
251.75
239.68
232.40
235.30
249.32
239.70
251.34
220.94
241.72
245.63
239.88
241.24
245.86
240.68
241.43
230.60
246.26
230.14
241.30
230.68
229.08
232.42
232.56
244.48
251.26
242.70
234.37
235.85
241.89
225.90
235.10
235.37
247.92
244.06
242.27
250.72
243.06
243.13
240.28
232.94
229.05
230.72
222.54
236.19
237.29
240.90
246.00
239.42
238.79
231.13
244.34
245.00
246.91
244.59
248.73
249.65
235.77
227.28
234.08
252.60
247.08
257.17
234.09
242.27
238.07
239.03
245.14
252.28
241.83
237.50
254.83
238.25
245.96
237.52
235.12
223.14
240.24
307.17
315.07
312.96
205.72
216.54
215.69
221.10
208.34
225.91
216.14
205.40
215.43
222.12
218.63
222.90
217.66
187.38
203.57
203.41
221.38
217.59
211.66
224.96
218.85
209.16
227.91
213.67
202.88
203.14
220.40
198.26
205.82
193.50
211.75
203.74
217.06
213.07
208.43
213.79
201.37
208.70
203.73
214.15
215.48
204.27
207.72
208.94
217.36
213.68
214.94
207.42
204.99
206.18
205.77
213.41
212.42
196.96
219.07
215.80
213.02
201.73
213.46
222.57
193.10
223.86
216.00
201.52
228.19
194.14
219.75
212.36
206.17
209.93
223.00
208.02
196.04
206.99
195.64
205.04
214.41
196.27
201.96
202.62
204.12
209.76
207.83
214.34
213.84
220.89
212.64
216.34
218.07
198.21
208.92
207.31
210.92
210.94
221.90
224.96
194.35
201.95
206.45
202.84
209.15
222.38
220.67
219.54
210.88
205.61
204.50
206.63
203.67
202.56
197.27
218.11
212.13
211.22
208.43
189.68
218.66
213.96
214.19
204.97
203.87
214.39
214.25
203.48
216.51
205.24
212.50
222.90
200.72
209.22
201.16
223.74
215.44
216.49
210.73
202.66
216.25
211.52
211.94
214.20
197.48
215.81
220.92
194.07
213.89
203.61
210.10
207.04
210.32
219.04
203.19
220.27
214.09
214.47
208.86
220.90
217.12
189.63
215.67
221.61
206.70
204.19
206.12
208.15
206.75
196.80
213.81
206.02
195.07
213.84
211.49
206.31
210.10
211.98
205.87
210.75
226.39
197.46
210.94
198.06
208.92
212.19
212.80
202.93
201.83
220.88
192.01
215.45
201.26
203.50
207.32
226.52
207.71
200.31
210.34
217.05
208.88
203.38
208.40
216.86
206.84
207.65
209.49
206.98
210.08
190.80
215.08
206.40
216.41
307.76
308.41
322.90
146.58
143.50
138.67
139.43
150.78
134.66
157.67
134.71
136.75
155.48
141.47
153.64
139.54
145.05
143.02
133.49
141.25
145.15
145.95
142.37
134.83
146.40
146.03
151.60
131.09
129.20
129.51
143.11
154.46
121.44
142.35
130.69
147.49
138.58
145.00
133.88
142.35
136.87
140.60
135.02
144.89
144.44
136.21
144.03
148.98
151.91
149.06
144.95
125.28
145.90
134.75
139.49
129.10
141.98
138.43
136.43
141.42
148.84
146.14
148.93
132.73
143.70
140.34
141.74
137.83
126.64
150.52
154.62
146.61
141.39
133.54
138.44
144.16
131.83
136.34
130.52
148.03
142.92
137.16
138.97
141.72
146.18
135.78
145.24
138.51
139.49
134.28
132.23
131.19
142.42
146.14
147.54
149.58
137.53
130.19
141.50
144.19
138.44
135.78
142.22
138.52
139.12
139.53
136.15
136.83
118.53
147.60
136.76
142.59
151.34
146.57
123.08
129.97
135.81
143.21
152.30
138.17
115.33
143.28
137.15
145.50
140.31
126.39
147.45
141.45
160.12
134.12
130.02
138.43
152.84
139.47
140.09
137.03
146.36
148.46
130.26
125.73
140.31
151.44
140.42
141.63
143.83
138.35
136.42
136.93
145.39
142.86
148.12
138.70
139.59
134.72
138.33
123.24
151.20
129.63
137.05
148.45
134.15
144.60
143.16
130.27
141.31
151.01
143.68
143.59
132.05
138.27
137.43
142.28
147.02
130.82
138.13
140.01
136.17
149.56
130.62
153.88
144.28
133.19
133.42
142.81
146.01
129.52
130.98
136.68
133.51
145.60
143.27
132.98
127.84
148.92
146.24
147.43
137.89
131.89
136.67
135.26
152.59
142.10
137.18
144.45
125.89
142.21
130.55
132.83
136.04
135.68
144.82
148.03
135.96
139.96
136.46
152.50
242.33
257.26
257.96
